| Ckpt | Vector Count | Batch Size | Merge Event | Merge Time (ms) | RSS (KB) | QPS     | Mean Lat | P50     | P90     | P95     | P99     | P99.9   | Recall@10 | Disk IOs | Insert Time (ms) | Delete Time (ms) | Insert P99 (µs) | Insert P99.9 (µs) | Search Time (s) | Notes        |
| ---- | ------------ | ---------- | ----------- | --------------- | -------- | ------- | -------- | ------- | ------- | ------- | ------- | ------- | --------- | -------- | ---------------- | ---------------- | --------------- | ----------------- | --------------- | ------------ |
| 0    | 0            | 10000      | No          |                 | 849928   | 1433.39 | 19.234   | 18.8811 | 24.5910 | 27.2585 | 38.9515 | 57.3261 | 99.430    | 61.4968  | 8499             | 8006             | 1617            | 6665              | 29              | Initial      |
| 1    | 10000        | 10000      | No          |                 | 849808   | 1419.89 | 19.4532  | 19.1880 | 24.0675 | 26.6519 | 38.9771 | 48.5356 | 98.319    | 61.9386  |                  | 8005             | 2857            | 26524             | 29              |              |
| 2    | 20000        | 10000      | Yes         | 106307          | 849808   | 1419.89 | 19.4532  | 19.1880 | 24.0675 | 26.6519 | 38.9771 | 48.5356 | 98.319    | 61.9386  | 8775             | 8005             | 2857            | 26524             | 29              | Merge starts |
| 3    | 30000        | 10000      | No          |                 | 849928   | ~1400   | ~19.5    |         |         |         | 39.06   |         | 98.301    |          |                  |                  |                 |                   |                 |              |
| 4    | 40000        | 10000      | Yes         | 111318          | 848936   | 1409.51 | 19.6493  | 19.4266 | 24.7804 | 27.1523 | 40.0998 | 60.7985 | 98.502    | 62.6881  | 8374             | 8004             | 2264            | 8637              | 30              |              |
| 5    | 50000        | 10000      | No          |                 | 852960   | 1219.50 | 22.7868  | 22.1817 | 30.2450 | 33.7793 | 39.6573 | 48.4068 | 98.549    | 62.6881  | 8668             | 8004             | 3667            | 16482             | 53              |              |
| 6    | 60000        | 10000      | Yes         |                 | 848856   | 1366.77 | 20.2599  | 19.7982 | 25.9259 | 28.8267 | 40.8337 | 67.0455 | 98.282    | 62.3855  | 8616             | 8003             | 2525            | 14950             | 29              |              |
| 7    | 70000        | 10000      | No          |                 | 853128   | 1374.70 | 19.8731  | 19.7650 | 25.6090 | 27.7035 | 34.3894 | 56.0366 | 98.361    | 62.3855  | 8604             | 8003             | 3276            | 11691             | 52              |              |
| 8    | 80000        | 10000      | No          |                 | 849452   | 1394.32 | 19.8931  | 19.4502 | 24.7804 | 27.1523 | 40.0998 | 60.7985 | 98.139    | 62.4037  | 8992             | 8003             | 3620            | 9830              | 29              |              |
| 9    | 90000        | 10000      | No          |                 | 853004   | 1374.64 | 20.0008  | 19.7269 | 25.6783 | 28.2565 | 36.9589 | 51.8762 | N/A       | 62.4037  | 9437             | 8005             | 5883            | 16725             | 52              | GT missing   |
| 10   | 100000       | 10000      | No          |                 | 849568   | 1357.14 | 20.2601  | 19.7287 | 26.6746 | 30.0501 | 40.0320 | 56.9341 | N/A       | 62.2097  | 9458             | 8003             | 4399            | 30557             | 32              | GT missing   |
| 11   | 110000       | 10000      | No          |                 | 853352   | 1295.99 | 21.1216  | 20.5339 | 28.2684 | 31.9388 | 40.9658 | 60.3220 | N/A       | 62.2097  | 8683             | 8003             | 3062            | 11162             | 55              | GT missing   |
